,0
0,Uni_Play
1,oz
2,Ozon
3,Orbit
4,ivaan
5,Psion
6,Igor
7,Lipe
8,Louis_Bolgarov
9,tootee
